001100000011000001100101110
001100010011000101100111010
001100100011001001111001100
001100110011001101110000010
001101000011010001110100110
001101010011010100100000111
001101100011011001100001100
001101110011011101101001011
001100000011000001110010011
001100010011000100100000100
001100100011001001101001110
001100110011001101110011001
001101000011010000100000001
001101010011010101110100000
001101100011011001101000100
001101110011011101100101110
001100000011000000100000010
001100010011000101100010111
001100100011001001100101011
001100110011001101110011001
001101000011010001110100110