001100000011011101100011111
001100010011011101100001111
001100100011011101110010000
001100000011011101100011111
001100010011011101100001111
001100100011011101110010000
001100000011011101100011111
001100010011011101100001111
001100100011011101110010000
001100000011011101100011111
001100010011011101100001111
001100100011011101110010000
001100000011011101100011111
001100010011011101100001111
001100100011011101110010000
001100000011011101001100101
001100010011011101101111000
001100100011011101110110100
001100110011011101100101111
001101000011011100100000100
001101010011011101001110100
001101100011011101100101100
001101110011011101110100101
001100000011011101110111001
001100010011011101101111000
001100100011011101110010000
001100110011011101101011000
001101000011011101110011100
